000106503000500400009027080600400000840000056000002007030270900007001000904603000


400760000107030008520001000001600000008000300000005100000100062800090701000027003


400760000107030008520001000001600000008000300000005100000100062800090701000027003


076098000020300907050210004100000703008103500705000008600059030504001070000460890


076098000020300907050210004100000703008103500705000008600059030504001070000460890


076098000020300907050210004100000703008103500705000008600059030504001070000460890


076098000020300907050210004100000703008103500705000008600059030504001070000460890


795000000000020030080000705302705014008906200940203506804000060020060000000000158


795000000000020030080000705302705014008906200940203506804000060020060000000000158


795000000000020030080000705302705014008906200940203506804000060020060000000000158


795000000000020030080000705302705014008906200940203506804000060020060000000000158


601085004000300000089000020010000000702058009000460100050020600000000340007900080


795000000000020030080000705302705014008906200940203506804000060020060000000000158


100032090009000006000980030503007001700213004600400308030071000400000500020590003


100032090009000006000980030503007001700213004600400308030071000400000500020590003


100032090009000006000980030503007001700213004600400308030071000400000500020590003


100032090009000006000980030503007001700213004600400308030071000400000500020590003


100032090009000006000980030503007001700213004600400308030071000400000500020590003


830007900000032000097060000008000100726308549005000800000040750000280000003600014


830007900000032000097060000008000100726308549005000800000040750000280000003600014


830007900000032000097060000008000100726308549005000800000040750000280000003600014


830007900000032000097060000008000100726308549005000800000040750000280000003600014


601085004000300000089000020010000000702058009000460100050020600000000340007900080


830007900000032000097060000008000100726308549005000800000040750000280000003600014


000010024804070006500400700000006200010020080008900000007001002100030609380040000


000010024804070006500400700000006200010020080008900000007001002100030609380040000


000010024804070006500400700000006200010020080008900000007001002100030609380040000


000010024804070006500400700000006200010020080008900000007001002100030609380040000


000010024804070006500400700000006200010020080008900000007001002100030609380040000


001030008004060500900000270830050010605093040000700805000004900703005006020000380


530070008000004925000020170001200840040000209000407000980061702075000381100005004


000827940054310000800060001000601008078903560600502000400030007000096180086154000


001030008004060500900000270830050010605093040000700805000004900703005006020000380


601085004000300000089000020010000000702058009000460100050020600000000340007900080


530070008000004925000020170001200840040000209000407000980061702075000381100005004


530070008000004925000020170001200840040000209000407000980061702075000381100005004


903000002060490103000100000000000900301004000080702430178509300000000759000367000


903000002060490103000100000000000900301004000080702430178509300000000759000367000


000700080090003100006805070020600049000200050008040007000900030370000006105004000


000700080090003100006805070020600049000200050008040007000900030370000006105004000


509000020200030005000590400407003000008400700000080142365170280890625301000000000


509000020200030005000590400407003000008400700000080142365170280890625301000000000


850046002000509030001000000030800400000000120009007050042000600580073009000600000


400760000107030008520001000001600000008000300000005100000100062800090701000027003


601085004000300000089000020010000000702058009000460100050020600000000340007900080


000009000200083045078000003100807930089500000000000070000964000427008069000000184


000009000200083045078000003100807930089500000000000070000964000427008069000000184


700000000021405080000029006012306090840000500000050000900003002000000708060010400


700000000021405080000029006012306090840000500000050000900003002000000708060010400


071902050000000790009067000028000000940000031000000520000650300015000000060301980


004070008005006000600008003000090017000020005930000600200050001080400090070010080


076098000020300907050210004100000703008103500705000008600059030504001070000460890


000700080090003100006805070020600049000200050008040007000900030370000006105004000


530070008000004925000020170001200840040000209000407000980061702075000381100005004


500060001090070020000804000008000100370000048002000600000706000040010070800030002


000009000200083045078000003100807930089500000000000070000964000427008069000000184


000060080007000004050803100006000800700010005008000400005609020100000300040070000


046080000901300000720506000038000900100000003002000680000607051000009704000010820


013000000006042008000307064031000900090000020005000370380705000600120700000000650


802300000060200504953010000390000001601003080000021000010050800230780906486000052


030020040109706308000103000801000402060000070307000605000204000602305901070090060


030020040109706308000103000801000402060000070307000605000204000602305901070090060


000600042040200010009003500500049000017000480000570006006100700030004050290008000


906000308000070000003000500100802003000050000200706004005000800000020000608000401


090080040700309008005000300070000050800020006010000020009000700600201005050030080


006005000008090000002000817400308000030050040000206009815000400000070900000100600


601085004000300000089000020010000000702058009000460100050020600000000340007900080


095800000200300400700020030480000000002000500000000016040030007006004005000009260


601085004000300000089000020010000000702058009000460100050020600000000340007900080


000009000200083045078000003100807930089500000000000070000964000427008069000000184


000106503000500400009027080600400000840000056000002007030270900007001000904603000


903000002060490103000100000000000900301004000080702430178509300000000759000367000


000009000200083045078000003100807930089500000000000070000964000427008069000000184


000009000200083045078000003100807930089500000000000070000964000427008069000000184


000009000200083045078000003100807930089500000000000070000964000427008069000000184


000009000200083045078000003100807930089500000000000070000964000427008069000000184


000009000200083045078000003100807930089500000000000070000964000427008069000000184


700000000021405080000029006012306090840000500000050000900003002000000708060010400


700000000021405080000029006012306090840000500000050000900003002000000708060010400


700000000021405080000029006012306090840000500000050000900003002000000708060010400


700000000021405080000029006012306090840000500000050000900003002000000708060010400


700000000021405080000029006012306090840000500000050000900003002000000708060010400


000700080090003100006805070020600049000200050008040007000900030370000006105004000


700000000021405080000029006012306090840000500000050000900003002000000708060010400


700000000021405080000029006012306090840000500000050000900003002000000708060010400


700000000021405080000029006012306090840000500000050000900003002000000708060010400


700000000021405080000029006012306090840000500000050000900003002000000708060010400


000009000200083045078000003100807930089500000000000070000964000427008069000000184


000009000200083045078000003100807930089500000000000070000964000427008069000000184


000827940054310000800060001000601008078903560600502000400030007000096180086154000


100000060026501000300809000000090710002000900015070000000402009000607820080000003


903000002060490103000100000000000900301004000080702430178509300000000759000367000


530070008000004925000020170001200840040000209000407000980061702075000381100005004


309702000604300102800000009090000076036290001040600000001006090005001060003500008


601085004000300000089000020010000000702058009000460100050020600000000340007900080


000009000200083045078000003100807930089500000000000070000964000427008069000000184


000009000200083045078000003100807930089500000000000070000964000427008069000000184


000009000200083045078000003100807930089500000000000070000964000427008069000000184


001030008004060500900000270830050010605093040000700805000004900703005006020000380


004070008005006000600008003000090017000020005930000600200050001080400090070010080


071902050000000790009067000028000000940000031000000520000650300015000000060301980


071902050000000790009067000028000000940000031000000520000650300015000000060301980


000700080090003100006805070020600049000200050008040007000900030370000006105004000


530070008000004925000020170001200840040000209000407000980061702075000381100005004


042000005000632080080040200000000000715068340908350761091006000000020190006100050


071902050000000790009067000028000000940000031000000520000650300015000000060301980


700000000021405080000029006012306090840000500000050000900003002000000708060010400


700000000021405080000029006012306090840000500000050000900003002000000708060010400


700000000021405080000029006012306090840000500000050000900003002000000708060010400


700000000021405080000029006012306090840000500000050000900003002000000708060010400


000009000200083045078000003100807930089500000000000070000964000427008069000000184


700000000021405080000029006012306090840000500000050000900003002000000708060010400


400760000107030008520001000001600000008000300000005100000100062800090701000027003


000009000200083045078000003100807930089500000000000070000964000427008069000000184


601085004000300000089000020010000000702058009000460100050020600000000340007900080


000700080090003100006805070020600049000200050008040007000900030370000006105004000


530070008000004925000020170001200840040000209000407000980061702075000381100005004


100000060026501000300809000000090710002000900015070000000402009000607820080000003


001030008004060500900000270830050010605093040000700805000004900703005006020000380


001030008004060500900000270830050010605093040000700805000004900703005006020000380


001030008004060500900000270830050010605093040000700805000004900703005006020000380


001030008004060500900000270830050010605093040000700805000004900703005006020000380


001030008004060500900000270830050010605093040000700805000004900703005006020000380


530070008000004925000020170001200840040000209000407000980061702075000381100005004


530070008000004925000020170001200840040000209000407000980061702075000381100005004


530070008000004925000020170001200840040000209000407000980061702075000381100005004


903000002060490103000100000000000900301004000080702430178509300000000759000367000


530070008000004925000020170001200840040000209000407000980061702075000381100005004


530070008000004925000020170001200840040000209000407000980061702075000381100005004


903000002060490103000100000000000900301004000080702430178509300000000759000367000


903000002060490103000100000000000900301004000080702430178509300000000759000367000


903000002060490103000100000000000900301004000080702430178509300000000759000367000


903000002060490103000100000000000900301004000080702430178509300000000759000367000


903000002060490103000100000000000900301004000080702430178509300000000759000367000


000700080090003100006805070020600049000200050008040007000900030370000006105004000


903000002060490103000100000000000900301004000080702430178509300000000759000367000


903000002060490103000100000000000900301004000080702430178509300000000759000367000


903000002060490103000100000000000900301004000080702430178509300000000759000367000


509000020200030005000590400407003000008400700000080142365170280890625301000000000


509000020200030005000590400407003000008400700000080142365170280890625301000000000


509000020200030005000590400407003000008400700000080142365170280890625301000000000


509000020200030005000590400407003000008400700000080142365170280890625301000000000


509000020200030005000590400407003000008400700000080142365170280890625301000000000


509000020200030005000590400407003000008400700000080142365170280890625301000000000


850046002000509030001000000030800400000000120009007050042000600580073009000600000


850046002000509030001000000030800400000000120009007050042000600580073009000600000


850046002000509030001000000030800400000000120009007050042000600580073009000600000


601085004000300000089000020010000000702058009000460100050020600000000340007900080


503060000070050804689100000107006030096000001000501000065320907010800300734000085


601085004000300000089000020010000000702058009000460100050020600000000340007900080


601085004000300000089000020010000000702058009000460100050020600000000340007900080


601085004000300000089000020010000000702058009000460100050020600000000340007900080


601085004000300000089000020010000000702058009000460100050020600000000340007900080


000009000200083045078000003100807930089500000000000070000964000427008069000000184


000009000200083045078000003100807930089500000000000070000964000427008069000000184


700000000021405080000029006012306090840000500000050000900003002000000708060010400


700000000021405080000029006012306090840000500000050000900003002000000708060010400


071902050000000790009067000028000000940000031000000520000650300015000000060301980


400760000107030008520001000001600000008000300000005100000100062800090701000027003


000700080090003100006805070020600049000200050008040007000900030370000006105004000


